0 0.67265625 0.2359375 0.109375 0.2078125
0 0.48359375 0.8921875 0.46015625 0.21328125
0 0.2953125 0.36875 0.24296875 0.3109375
0 0.61328125 0.15234375 0.06796875 0.103125
0 0.67109375 0.1078125 0.04765625 0.13359375
0 0.17421875 0.07265625 0.04375 0.0390625
0 0.021875 0.0703125 0.04375 0.0625
0 0.74453125 0.05625 0.0546875 0.1125
0 0.08984375 0.0609375 0.059375 0.08828125
0 0.04375 0.05234375 0.03359375 0.0484375
0 0.315625 0.01875 0.04375 0.0375
0 0.34609375 0.0171875 0.040625 0.034375
0 0.70546875 0.053125 0.04296875 0.10625