0 0.19375 0.7265625 0.13203125 0.2421875
0 0.609375 0.7 0.103125 0.17890625
0 0.459375 0.68515625 0.08046875 0.1359375
0 0.69375 0.6921875 0.0734375 0.13984375
0 0.5328125 0.6828125 0.07890625 0.14140625
0 0.82421875 0.6640625 0.090625 0.12890625
0 0.78125 0.6625 0.0515625 0.1265625
0 0.57109375 0.625 0.0390625 0.03515625
0 0.5 0.625 0.04140625 0.03984375
0 0.50078125 0.6578125 0.04296875 0.10390625
0 0.63828125 0.6234375 0.05703125 0.04921875
0 0.85 0.6609375 0.04453125 0.13046875
0 0.63984375 0.66015625 0.059375 0.121875