0 0.384375 0.5125 0.20859375 0.26171875
0 0.69140625 0.35625 0.10078125 0.1875
0 0.26484375 0.1796875 0.03984375 0.07265625
0 0.73828125 0.190625 0.04609375 0.07265625
0 0.37421875 0.35625 0.10234375 0.08359375
0 0.21875 0.1703125 0.03984375 0.05390625
0 0.5203125 0.09921875 0.021875 0.040625
0 0.81875 0.140625 0.05390625 0.08984375
0 0.1078125 0.19453125 0.021875 0.034375
0 0.32421875 0.184375 0.034375 0.04453125
0 0.4671875 0.121875 0.02421875 0.02421875
0 0.15859375 0.16953125 0.015625 0.015625
0 0.58046875 0.103125 0.01875 0.02578125
0 0.69296875 0.2515625 0.06796875 0.090625
0 0.66953125 0.0703125 0.01796875 0.02890625
0 0.68515625 0.07578125 0.02578125 0.021875
0 0.50078125 0.1078125 0.01328125 0.03203125
0 0.61484375 0.06484375 0.0125 0.0140625
0 0.90703125 0.028125 0.021875 0.03125
0 0.61328125 0.09609375 0.02421875 0.03125
0 0.08359375 0.19296875 0.03125 0.0375
0 0.49296875 0.109375 0.01796875 0.03671875
0 0.01171875 0.2171875 0.02265625 0.02578125
0 0.63671875 0.0765625 0.021875 0.0359375
0 0.78046875 0.1484375 0.03515625 0.06640625
0 0.89296875 0.01875 0.01328125 0.02265625
0 0.66953125 0.234375 0.03359375 0.04296875
0 0.53671875 0.10625 0.01015625 0.01796875
0 0.14453125 0.24140625 0.11328125 0.07890625