0 0.309375 0.7046875 0.11953125 0.22578125
0 0.41328125 0.66484375 0.065625 0.1390625
0 0.61171875 0.66796875 0.0984375 0.14375
0 0.7171875 0.6421875 0.05390625 0.1140625
0 0.75703125 0.64140625 0.06953125 0.11875
0 0.4921875 0.6640625 0.07890625 0.14140625
0 0.55390625 0.6578125 0.05546875 0.12109375
0 0.43671875 0.6015625 0.03203125 0.03046875
0 0.45703125 0.6375 0.04453125 0.1015625
0 0.528125 0.6421875 0.0390625 0.10234375
0 0.646875 0.646875 0.034375 0.09296875
0 0.56484375 0.60390625 0.04609375 0.040625
0 0.4734375 0.6421875 0.04140625 0.1078125