0 0.140625 0.70625 0.14296875 0.24609375
0 0.6515625 0.67265625 0.0890625 0.15
0 0.43359375 0.6640625 0.071875 0.13671875
0 0.5578125 0.68515625 0.109375 0.1859375
0 0.740625 0.64140625 0.04296875 0.1265625
0 0.7859375 0.64375 0.09453125 0.13046875
0 0.49765625 0.66328125 0.07109375 0.1421875
0 0.615625 0.640625 0.05703125 0.13359375
0 0.5328125 0.60390625 0.03203125 0.034375
0 0.453125 0.60625 0.0359375 0.03984375
0 0.47421875 0.603125 0.02109375 0.01953125
0 0.66640625 0.58828125 0.01953125 0.0203125
0 0.534375 0.6625 0.05 0.1515625