0 0.3453125 0.4671875 0.22421875 0.31171875
0 0.6828125 0.2984375 0.08203125 0.17421875
0 0.68203125 0.1546875 0.040625 0.07578125
0 0.63828125 0.21875 0.0625 0.09453125
0 0.24296875 0.153125 0.05078125 0.04765625
0 0.38046875 0.90859375 0.165625 0.18125
0 0.75859375 0.0890625 0.04609375 0.07421875
0 0.1765625 0.15 0.053125 0.0734375
0 0.60703125 0.028125 0.03671875 0.0328125
0 0.71875 0.1109375 0.0375 0.07109375
0 0.33203125 0.3296875 0.08125 0.06953125
0 0.04375 0.20546875 0.0875 0.08125
0 0.52890625 0.0609375 0.05546875 0.03828125
0 0.8234375 0.06328125 0.03046875 0.046875
0 0.54453125 0.040625 0.025 0.03671875
0 0.10546875 0.1375 0.03359375 0.034375
0 0.82578125 0.0796875 0.04921875 0.078125