0 0.21875 0.7125 0.115625 0.24140625
0 0.621875 0.6875 0.1 0.17578125
0 0.465625 0.6734375 0.075 0.13359375
0 0.703125 0.6765625 0.0734375 0.14140625
0 0.83515625 0.6515625 0.09296875 0.128125
0 0.540625 0.671875 0.08046875 0.13984375
0 0.78984375 0.6515625 0.0484375 0.12421875
0 0.57578125 0.65390625 0.04609375 0.1171875
0 0.57578125 0.61484375 0.04296875 0.0390625
0 0.50859375 0.6171875 0.04140625 0.04296875
0 0.64765625 0.61484375 0.05390625 0.0515625
0 0.50859375 0.6453125 0.04140625 0.1
0 0.64765625 0.653125 0.05390625 0.128125
0 0.859375 0.6515625 0.04453125 0.12578125