0 0.69140625 0.37109375 0.10625 0.16875
0 0.3796875 0.5109375 0.23828125 0.26640625
0 0.8484375 0.1484375 0.06171875 0.09453125
0 0.0359375 0.209375 0.040625 0.03671875
0 0.29296875 0.18125 0.03828125 0.07265625
0 0.2609375 0.17109375 0.04453125 0.0546875
0 0.765625 0.196875 0.04140625 0.07265625
0 0.18359375 0.234375 0.06953125 0.07734375
0 0.54765625 0.1015625 0.02265625 0.03984375
0 0.39375 0.346875 0.06484375 0.06171875
0 0.81171875 0.15234375 0.03828125 0.06875
0 0.52421875 0.11171875 0.02109375 0.0375
0 0.0125 0.22421875 0.025 0.03125
0 0.60859375 0.10625 0.01953125 0.0234375
0 0.71953125 0.2515625 0.06796875 0.08359375
0 0.18671875 0.16875 0.01171875 0.01640625
0 0.56640625 0.1078125 0.009375 0.01796875
0 0.92421875 0.1234375 0.04921875 0.071875
0 0.64609375 0.0984375 0.02421875 0.03125
0 0.71953125 0.0796875 0.025 0.02421875
0 0.9296875 0.021875 0.01328125 0.0234375
0 0.67578125 0.0796875 0.03046875 0.034375
0 0.615625 0.10234375 0.01015625 0.0234375
0 0.265625 0.5265625 0.13984375 0.22109375
0 0.12890625 0.203125 0.04375 0.059375
0 0.14140625 0.1890625 0.01875 0.02421875
0 0.93828125 0.08125 0.01875 0.028125
0 0.70078125 0.07421875 0.02109375 0.03125