0 0.3546875 0.496875 0.34921875 0.39765625
0 0.70078125 0.36875 0.13828125 0.2328125
0 0.02578125 0.16875 0.03828125 0.040625
0 0.41484375 0.33203125 0.10625 0.0890625
0 0.26953125 0.121875 0.01640625 0.0375
0 0.69609375 0.040625 0.01875 0.0515625
0 0.79453125 0.03125 0.03125 0.02734375
0 0.60078125 0.05546875 0.01640625 0.0453125
0 0.56953125 0.06484375 0.01796875 0.040625
0 0.19453125 0.12265625 0.01015625 0.0171875
0 0.66484375 0.0609375 0.01953125 0.0265625
0 0.31640625 0.15625 0.025 0.03984375
0 0.28046875 0.115625 0.02578125 0.0453125
0 0.77734375 0.225 0.07578125 0.08984375
0 0.30078125 0.1265625 0.02265625 0.05234375
0 0.1328125 0.1453125 0.01796875 0.04140625
0 0.83046875 0.1859375 0.04765625 0.1140625
0 0.7484375 0.0359375 0.02578125 0.02109375
0 0.3859375 0.14375 0.021875 0.04609375
0 0.53671875 0.071875 0.01796875 0.01328125
0 0.72265625 0.04375 0.02578125 0.02734375
0 0.89453125 0.115625 0.04609375 0.07890625
0 0.01171875 0.18359375 0.0234375 0.0265625
0 0.67265625 0.0578125 0.01171875 0.02890625
0 0.91484375 0.1203125 0.084375 0.10546875
0 0.61328125 0.065625 0.0125 0.02578125
0 0.18359375 0.1796875 0.03046875 0.05625
0 0.21171875 0.19375 0.08671875 0.0859375
0 0.76796875 0.025 0.02734375 0.034375
0 0.19453125 0.1796875 0.01953125 0.05703125
0 0.1484375 0.14921875 0.01328125 0.034375
0 0.15859375 0.16640625 0.03046875 0.040625