0 0.15234375 0.7046875 0.13203125 0.23203125
0 0.4375 0.67109375 0.08359375 0.1359375
0 0.6625 0.67578125 0.0859375 0.146875
0 0.571875 0.68984375 0.1125 0.1828125
0 0.7984375 0.64765625 0.09453125 0.1296875
0 0.75234375 0.646875 0.0484375 0.12734375
0 0.5125 0.6671875 0.075 0.14296875
0 0.85 0.6484375 0.04453125 0.13671875
0 0.62109375 0.646875 0.05546875 0.1296875
0 0.5484375 0.60859375 0.03359375 0.0359375
0 0.4703125 0.6125 0.040625 0.04140625
0 0.62109375 0.60625 0.053125 0.0484375
0 0.47109375 0.6421875 0.04140625 0.103125