0 0.36640625 0.4859375 0.2125 0.29609375
0 0.69140625 0.31484375 0.08203125 0.165625
0 0.771875 0.11875 0.04765625 0.10078125
0 0.69921875 0.1703125 0.04609375 0.07734375
0 0.20703125 0.165625 0.04609375 0.075
0 0.33984375 0.3234375 0.05546875 0.03671875
0 0.47109375 0.071875 0.01328125 0.02890625
0 0.44375 0.0890625 0.02109375 0.03828125
0 0.653125 0.2296875 0.06875 0.08828125
0 0.27265625 0.17109375 0.03515625 0.0421875
0 0.628125 0.0484375 0.03359375 0.0265625
0 0.5296875 0.0796875 0.01953125 0.02890625
0 0.7359375 0.125 0.03203125 0.06796875
0 0.38046875 0.93046875 0.16328125 0.1375
0 0.153125 0.1609375 0.05390625 0.05859375
0 0.4171875 0.1015625 0.02421875 0.02578125
0 0.82265625 0.02109375 0.01953125 0.0203125
0 0.09921875 0.159375 0.02421875 0.01328125
0 0.16640625 0.159375 0.028125 0.05234375
0 0.55390625 0.0765625 0.02265625 0.03984375
0 0.16328125 0.146875 0.01953125 0.028125
0 0.85703125 0.02109375 0.040625 0.0421875
0 0.02578125 0.2078125 0.02890625 0.04296875
0 0.5625 0.04921875 0.01484375 0.0265625
0 0.0453125 0.18359375 0.02421875 0.0234375
0 0.05390625 0.221875 0.040625 0.05859375
0 0.06953125 0.2296875 0.11640625 0.08515625
0 0.6203125 0.046875 0.01796875 0.02421875