0 0.37890625 0.4953125 0.20078125 0.2875
0 0.68671875 0.334375 0.09375 0.17734375
0 0.22890625 0.1734375 0.04375 0.07421875
0 0.34453125 0.3515625 0.06953125 0.08359375
0 0.71484375 0.18125 0.04765625 0.0796875
0 0.7890625 0.1265625 0.04921875 0.09609375
0 0.84140625 0.0328125 0.01953125 0.01875
0 0.4890625 0.0875 0.021875 0.04296875
0 0.1875 0.1578125 0.025 0.03515625
0 0.12421875 0.16484375 0.02265625 0.0140625
0 0.75546875 0.134375 0.040625 0.0671875
0 0.29296875 0.178125 0.03515625 0.04375
0 0.66796875 0.2375 0.065625 0.08671875
0 0.17734375 0.1671875 0.04921875 0.05703125
0 0.54921875 0.090625 0.015625 0.02421875
0 0.87109375 0.0140625 0.02265625 0.02734375
0 0.37890625 0.9546875 0.171875 0.08984375
0 0.46171875 0.096875 0.01875 0.03828125
0 0.63828125 0.05625 0.01953125 0.02890625
0 0.06953125 0.1859375 0.02265625 0.025
0 0.890625 0.015625 0.01484375 0.01640625
0 0.57578125 0.08671875 0.025 0.0375
0 0.6015625 0.0609375 0.01171875 0.02578125
0 0.5828125 0.05625 0.015625 0.0234375
0 0.02578125 0.1765625 0.01171875 0.01171875
0 0.46796875 0.0953125 0.0125 0.03203125
0 0.8578125 0.00703125 0.01171875 0.0140625
0 0.05390625 0.2125 0.02578125 0.03984375
0 0.05390625 0.1875 0.028125 0.028125
0 0.86953125 0.0265625 0.02890625 0.053125