0 0.359375 0.509375 0.28515625 0.35390625
0 0.6921875 0.37890625 0.11953125 0.1921875
0 0.4109375 0.35078125 0.096875 0.08125
0 0.78828125 0.19453125 0.040625 0.0703125
0 0.04609375 0.2 0.02890625 0.03359375
0 0.20390625 0.1609375 0.009375 0.0171875
0 0.02109375 0.20703125 0.0421875 0.0453125
0 0.15703125 0.1953125 0.046875 0.06015625
0 0.57421875 0.096875 0.015625 0.04140625
0 0.54453125 0.10546875 0.01875 0.0375
0 0.74765625 0.0734375 0.02578125 0.0234375
0 0.3703125 0.18046875 0.03203125 0.04375
0 0.51640625 0.12578125 0.02890625 0.0390625
0 0.87421875 0.14375 0.05703125 0.08515625
0 0.98203125 0.0234375 0.02265625 0.02890625
0 0.278125 0.1625 0.02890625 0.0546875
0 0.94609375 0.0453125 0.025 0.0203125
0 0.740625 0.246875 0.07109375 0.08046875
0 0.66328125 0.0828125 0.01875 0.04609375
0 0.3015625 0.16328125 0.021875 0.0484375
0 0.84140625 0.1484375 0.04296875 0.0703125
0 0.96328125 0.015625 0.0125 0.02265625
0 0.2140625 0.2265625 0.08671875 0.0796875
0 0.16015625 0.1828125 0.01484375 0.025
0 0.55 0.103125 0.0125 0.03359375
0 0.13828125 0.1734375 0.01015625 0.01640625