0 0.69375 0.3734375 0.12265625 0.16484375
0 0.36875 0.50625 0.26015625 0.31953125
0 0.3984375 0.353125 0.07421875 0.07890625
0 0.0421875 0.20703125 0.034375 0.0359375
0 0.56015625 0.1015625 0.02421875 0.04140625
0 0.01875 0.21796875 0.0375 0.0390625
0 0.86015625 0.15 0.06484375 0.09296875
0 0.27421875 0.16953125 0.03984375 0.0546875
0 0.30390625 0.18125 0.03828125 0.07265625
0 0.72890625 0.25 0.07109375 0.0796875
0 0.5359375 0.1109375 0.01953125 0.03828125
0 0.62265625 0.10546875 0.01640625 0.0234375
0 0.73359375 0.078125 0.025 0.02421875
0 0.36328125 0.18359375 0.03359375 0.046875
0 0.50859375 0.1234375 0.02109375 0.02421875
0 0.715625 0.071875 0.01875 0.03046875
0 0.69765625 0.075 0.021875 0.02890625
0 0.96328125 0.0296875 0.02109375 0.03359375
0 0.1984375 0.1671875 0.01328125 0.015625
0 0.94765625 0.02109375 0.01328125 0.0234375
0 0.82421875 0.15234375 0.0375 0.06875
0 0.778125 0.21484375 0.04140625 0.10625
0 0.2953125 0.16484375 0.021875 0.040625
0 0.14453125 0.2015625 0.04296875 0.05859375
0 0.178125 0.21953125 0.02890625 0.0515625
0 0.6578125 0.08671875 0.03203125 0.0484375
0 0.1984375 0.23125 0.084375 0.0765625
0 0.15703125 0.18984375 0.025 0.028125