0 0.67265625 0.2703125 0.08359375 0.1796875
0 0.31328125 0.4296875 0.22578125 0.30078125
0 0.6671875 0.134375 0.04453125 0.07734375
0 0.7453125 0.0796875 0.04453125 0.103125
0 0.50078125 0.896875 0.428125 0.20390625
0 0.01953125 0.2140625 0.03828125 0.0484375
0 0.14375 0.12734375 0.05390625 0.0796875
0 0.4265625 0.03046875 0.01328125 0.0328125
0 0.36953125 0.06171875 0.02734375 0.0265625
0 0.95546875 0.1234375 0.0875 0.16796875
0 0.62109375 0.1953125 0.0625 0.0890625
0 0.396875 0.04609375 0.02265625 0.04375
0 0.07265625 0.11953125 0.0625 0.0609375
0 0.70546875 0.115625 0.04140625 0.071875
0 0.0953125 0.1078125 0.02578125 0.03046875
0 0.50625 0.034375 0.01875 0.0390625
0 0.5859375 0.0078125 0.028125 0.015625
0 0.490625 0.03515625 0.02109375 0.0375
0 0.70703125 0.0890625 0.03828125 0.07265625
0 0.22890625 0.06875 0.01875 0.01953125
0 0.5234375 0.01875 0.02578125 0.03671875
0 0.21328125 0.1265625 0.04609375 0.05234375
0 0.7015625 0.0703125 0.02578125 0.034375