0 0.3515625 0.50234375 0.30546875 0.36875
0 0.690625 0.3796875 0.12265625 0.215625
0 0.41328125 0.34375 0.09921875 0.0828125
0 0.215625 0.215625 0.08515625 0.08125
0 0.159375 0.18125 0.03515625 0.04765625
0 0.55390625 0.0921875 0.01875 0.03671875
0 0.6734375 0.06953125 0.01796875 0.04375
0 0.58359375 0.0828125 0.01484375 0.04140625
0 0.87890625 0.13671875 0.08671875 0.0890625
0 0.31640625 0.17890625 0.02890625 0.0421875
0 0.75234375 0.240625 0.07109375 0.08359375
0 0.01953125 0.196875 0.03828125 0.04296875
0 0.3703125 0.16875 0.03203125 0.04296875
0 0.28125 0.14765625 0.03515625 0.053125
0 0.20234375 0.1484375 0.01015625 0.01640625
0 0.76171875 0.0609375 0.02578125 0.0234375
0 0.30234375 0.15 0.02265625 0.0453125
0 0.03671875 0.184375 0.02265625 0.02734375
0 0.80078125 0.1859375 0.04296875 0.0703125
0 0.85703125 0.1390625 0.040625 0.07265625