0 0.3453125 0.4859375 0.440625 0.478125
0 0.73515625 0.34453125 0.17109375 0.2796875
0 0.89453125 0.10703125 0.05234375 0.0875
0 0.834375 0.175 0.08984375 0.10703125
0 0.253125 0.04375 0.025 0.05078125
0 0.18046875 0.13125 0.07734375 0.09609375
0 0.23671875 0.0484375 0.01953125 0.03828125
0 0.07734375 0.075 0.021875 0.0453125
0 0.36328125 0.07890625 0.04296875 0.05625
0 0.28359375 0.07109375 0.04140625 0.0859375
0 0.13984375 0.11640625 0.03203125 0.065625
0 0.97734375 0.0265625 0.040625 0.04921875
0 0.14921875 0.0515625 0.01328125 0.0203125
0 0.15546875 0.13125 0.0625 0.09609375
0 0.09765625 0.0890625 0.06171875 0.0734375
0 0.2734375 0.05625 0.021875 0.05703125
0 0.40625 0.296875 0.12265625 0.10078125
0 0.09375 0.08046875 0.01640625 0.0359375