0 0.6890625 0.35 0.09453125 0.18828125
0 0.38515625 0.50546875 0.19765625 0.271875
0 0.35703125 0.3546875 0.071875 0.0828125
0 0.24765625 0.178125 0.04140625 0.0734375
0 0.72734375 0.1859375 0.04375 0.0734375
0 0.8046875 0.13828125 0.05078125 0.0984375
0 0.50703125 0.0953125 0.01953125 0.040625
0 0.68125 0.24375 0.06484375 0.08515625
0 0.4796875 0.1046875 0.021875 0.03671875
0 0.95234375 0.01796875 0.02265625 0.0203125
0 0.30859375 0.1828125 0.034375 0.04453125
0 0.56484375 0.0984375 0.01796875 0.0234375
0 0.14296875 0.16875 0.01640625 0.01484375
0 0.45078125 0.1171875 0.02734375 0.02421875
0 0.76953125 0.14296875 0.0375 0.0671875
0 0.66875 0.0703125 0.02734375 0.021875
0 0.37421875 0.9546875 0.171875 0.08984375
0 0.88828125 0.021875 0.02265625 0.03125
0 0.6234375 0.259375 0.03671875 0.03515625
0 0.65390625 0.065625 0.01796875 0.03046875
0 0.18828125 0.15703125 0.021875 0.0296875
0 0.91015625 0.0171875 0.01796875 0.02734375
0 0.12890625 0.240625 0.08671875 0.0828125
0 0.06328125 0.19140625 0.03671875 0.0359375
0 0.8578125 0.0421875 0.021875 0.01953125
0 0.59453125 0.0921875 0.025 0.034375
0 0.8765625 0.0125 0.01171875 0.0234375
0 0.08203125 0.2046875 0.040625 0.05703125
0 0.52109375 0.10078125 0.009375 0.01875
0 0.48515625 0.10390625 0.01328125 0.0328125
0 0.19921875 0.16953125 0.04375 0.0546875
0 0.91953125 0.021875 0.0125 0.01640625
0 0.31796875 0.18125 0.02109375 0.0421875
0 0.0671875 0.203125 0.04453125 0.06015625