0 0.14296875 0.7109375 0.15546875 0.25
0 0.521875 0.69453125 0.10390625 0.190625
0 0.6328125 0.6765625 0.09296875 0.1546875
0 0.4234375 0.665625 0.06640625 0.13984375
0 0.725 0.6453125 0.04140625 0.13046875
0 0.76640625 0.646875 0.09453125 0.13203125
0 0.603125 0.6453125 0.0625 0.1390625
0 0.4703125 0.6578125 0.059375 0.140625
0 0.54453125 0.6796875 0.0609375 0.15234375
0 0.55546875 0.6078125 0.04453125 0.04296875
0 0.5140625 0.5953125 0.028125 0.01484375
0 0.5578125 0.64375 0.05390625 0.11484375
0 0.4890625 0.6703125 0.1 0.16796875