0 0.69296875 0.36328125 0.1 0.1796875
0 0.384375 0.51328125 0.21875 0.2609375
0 0.83515625 0.14609375 0.05625 0.09375
0 0.75234375 0.19453125 0.04296875 0.071875
0 0.37890625 0.35625 0.06953125 0.0796875
0 0.2421875 0.171875 0.046875 0.05390625
0 0.53515625 0.1015625 0.02421875 0.03984375
0 0.02109375 0.2109375 0.03828125 0.03671875
0 0.3390625 0.1859375 0.034375 0.04453125
0 0.5953125 0.10625 0.01796875 0.0234375
0 0.51015625 0.11171875 0.021875 0.0375
0 0.28515625 0.1953125 0.028125 0.0453125
0 0.27265625 0.16328125 0.025 0.0359375
0 0.1734375 0.1703125 0.01171875 0.01640625
0 0.125 0.190625 0.02109375 0.02578125
0 0.4828125 0.12421875 0.02421875 0.025
0 0.70625 0.2546875 0.06484375 0.08984375
0 0.70234375 0.078125 0.025 0.02265625
0 0.2796875 0.18125 0.03828125 0.07265625
0 0.63046875 0.09765625 0.02421875 0.0328125
0 0.79765625 0.1515625 0.03671875 0.0671875
0 0.10234375 0.19375 0.028125 0.0375
0 0.29765625 0.4203125 0.05078125 0.13984375
0 0.91171875 0.021875 0.01484375 0.0234375
0 0.55 0.1078125 0.0125 0.01796875
0 0.16640625 0.2375 0.07109375 0.07890625
0 0.92578125 0.03125 0.02109375 0.03203125
0 0.68515625 0.0734375 0.02109375 0.03046875
0 0.628125 0.5921875 0.12265625 0.1828125
0 0.68203125 0.23828125 0.03125 0.040625
0 0.12265625 0.2203125 0.02578125 0.02734375
0 0.46796875 0.1328125 0.01796875 0.0328125
0 0.65390625 0.0875 0.02421875 0.0203125
0 0.71328125 0.23671875 0.05 0.0546875
0 0.66015625 0.06953125 0.01171875 0.0140625