0 0.32421875 0.421875 0.134375 0.13046875
0 0.853125 0.47578125 0.15859375 0.21875
0 0.69375 0.4328125 0.190625 0.165625
0 0.53828125 0.3890625 0.12890625 0.11328125
0 0.04921875 0.43984375 0.0984375 0.075
0 0.85390625 0.6625 0.29140625 0.30859375
0 0.35078125 0.50859375 0.08359375 0.05625
0 0.259375 0.51796875 0.08125 0.05546875
0 0.1640625 0.51875 0.0921875 0.0453125
0 0.11484375 0.51640625 0.0765625 0.04375
0 0.05625 0.5203125 0.07109375 0.0328125
0 0.178125 0.79921875 0.3 0.1765625
0 0.43671875 0.6765625 0.33828125 0.27421875
0 0.090625 0.571875 0.0625 0.07734375
0 0.4921875 0.6109375 0.10234375 0.06640625