0 0.34296875 0.79140625 0.24140625 0.215625
0 0.83671875 0.82890625 0.19453125 0.1765625
0 0.85234375 0.6765625 0.09375 0.07890625
0 0.6953125 0.69921875 0.21015625 0.12890625
0 0.03828125 0.58359375 0.06953125 0.1046875
0 0.39765625 0.63515625 0.15625 0.07890625
0 0.31796875 0.6609375 0.1421875 0.08671875
0 0.5078125 0.61640625 0.1265625 0.071875
0 0.29375 0.4953125 0.07421875 0.04921875
0 0.30390625 0.55703125 0.10078125 0.046875
0 0.57578125 0.5515625 0.078125 0.04296875
0 0.4203125 0.559375 0.06328125 0.04609375
0 0.44453125 0.50234375 0.08125 0.0359375
0 0.6296875 0.59296875 0.08515625 0.05546875
0 0.8 0.58828125 0.09453125 0.07265625
0 0.68984375 0.565625 0.0625 0.03671875
0 0.01953125 0.471875 0.03828125 0.0515625
0 0.12421875 0.55859375 0.09375 0.0796875
0 0.065625 0.4859375 0.05546875 0.03984375
0 0.503125 0.425 0.03359375 0.0265625
0 0.53828125 0.4375 0.025 0.0234375
0 0.5703125 0.44375 0.021875 0.0234375
0 0.43671875 0.4078125 0.025 0.02109375
0 0.38984375 0.40390625 0.03515625 0.02265625
0 0.59609375 0.5 0.04296875 0.0234375
0 0.69296875 0.5125 0.05234375 0.034375
0 0.7734375 0.52109375 0.04765625 0.0390625
0 0.53046875 0.40234375 0.03984375 0.01953125
0 0.5796875 0.4 0.0359375 0.015625
0 0.5765625 0.428125 0.025 0.01484375
0 0.6921875 0.44921875 0.03203125 0.025
0 0.62578125 0.4109375 0.03125 0.0265625
0 0.66875 0.40546875 0.0265625 0.01875
0 0.7140625 0.40546875 0.03125 0.02109375
0 0.63515625 0.453125 0.03125 0.02421875
0 0.86171875 0.521875 0.05859375 0.0234375
0 0.878125 0.559375 0.0515625 0.03671875
0 0.9234375 0.60078125 0.08125 0.04140625
0 0.9234375 0.53828125 0.04296875 0.05
0 0.959375 0.55546875 0.06328125 0.04609375
0 0.909375 0.41171875 0.03984375 0.0203125
0 0.9640625 0.46171875 0.0484375 0.02734375
0 0.89296875 0.45078125 0.02734375 0.02734375
0 0.97265625 0.51171875 0.03671875 0.0296875
0 0.2015625 0.37265625 0.05078125 0.02734375
0 0.06484375 0.3859375 0.03125 0.0234375
0 0.30703125 0.390625 0.0359375 0.02109375
0 0.25625 0.38515625 0.0328125 0.01875
0 0.103125 0.38203125 0.046875 0.02109375