0 0.334375 0.36875 0.134375 0.15546875
0 0.5421875 0.31875 0.11796875 0.11328125
0 0.9546875 0.478125 0.090625 0.5390625
0 0.4265625 0.565625 0.16484375 0.2484375
0 0.73515625 0.5875 0.296875 0.221875
0 0.76015625 0.36875 0.2640625 0.1875
0 0.2796875 0.66640625 0.34375 0.2859375
0 0.20859375 0.5265625 0.221875 0.11640625
0 0.1390625 0.76796875 0.278125 0.25859375
0 0.0421875 0.434375 0.07109375 0.07109375
0 0.0859375 0.45234375 0.10234375 0.0765625
0 0.69609375 0.46484375 0.15625 0.1171875
0 0.484375 0.81171875 0.36484375 0.15234375
0 0.796875 0.88515625 0.40625 0.2296875
0 0.2953125 0.92109375 0.46875 0.1578125