0 0.69921875 0.525 0.14609375 0.10546875
0 0.203125 0.54375 0.11796875 0.153125
0 0.7734375 0.74375 0.34453125 0.390625
0 0.584375 0.528125 0.09296875 0.125
0 0.28828125 0.85078125 0.215625 0.18671875
0 0.234375 0.7328125 0.13515625 0.16484375
0 0.04453125 0.6625 0.08828125 0.13359375
0 0.1125 0.65546875 0.0796875 0.14375
0 0.203125 0.6484375 0.128125 0.11328125
0 0.4140625 0.57734375 0.1890625 0.1109375
0 0.81171875 0.64296875 0.20625 0.19609375
0 0.590625 0.6375 0.1109375 0.0640625
0 0.3671875 0.7203125 0.08125 0.06171875
0 0.1609375 0.903125 0.24453125 0.16875
0 0.6125 0.94609375 0.4203125 0.1078125