0 0.546875 0.553125 0.14609375 0.18203125
0 0.07265625 0.4890625 0.1234375 0.08671875
0 0.45703125 0.53828125 0.103125 0.171875
0 0.9 0.4578125 0.10859375 0.07890625
0 0.11015625 0.68671875 0.2203125 0.3203125
0 0.29453125 0.48515625 0.103125 0.1109375
0 0.08671875 0.53125 0.1515625 0.1703125
0 0.7203125 0.68046875 0.1703125 0.5765625
0 0.48515625 0.7796875 0.21328125 0.3125
0 0.90703125 0.69453125 0.140625 0.0796875
0 0.85390625 0.73046875 0.14609375 0.08984375
0 0.14375 0.9375 0.253125 0.125
0 0.234375 0.70234375 0.08671875 0.0609375
0 0.309375 0.70546875 0.08359375 0.04765625
0 0.4359375 0.615625 0.16328125 0.0828125